-4.8645419 -7.287312 120.7003440 123.2545912 121.1157792 19.737808 2.5999999
-2.7847213 -6.9297981 140.8511596 141.4795778 140.8094096 19.783373 -2.5999999
2.9933301 0.215753 142.3788766 143.0262349 144.5258833 20.684389 2.5999999
5.2493632 0.55538797 143.8369948 143.4900173 147.0274568 20.727015 -2.5999999
-0.5220827 -6.5601802 130.5563027 130.6919409 132.1532640 19.830408 2.5999999
1.7205347 -6.2826061 122.9228240 124.7331723 126.0976833 19.865685 -2.5999999
-1.3364569 -8.6312933 133.8118238 136.5873066 134.5568759 19.565836 2.5999999
0.8989703 -8.264595 143.1589723 144.4064711 145.6465941 19.612871 -2.5999999
3.7768663 -5.9120469 127.6702055 127.8243959 128.5052792 19.91272 2.5999999
6.0113802 -5.587399 142.0829239 142.5888049 144.2348665 19.953875 -2.5999999
2.9952395 -7.9891219 133.7092378 135.6804016 134.7162301 19.648148 2.5999999
5.2154623 -7.6557622 140.7414171 141.4325043 142.7605941 19.690773 -2.5999999
-4.8334894 -3.1891811 126.8130236 127.8159814 127.3472924 20.256662 2.5999999
-2.6202703 -2.862155 125.6047196 126.2848931 124.4690292 20.297819 -2.5999999
-5.6259911 -5.2159338 137.5179946 141.0691679 139.6190484 20.00091 2.5999999
-3.3985284 -4.9021659 138.3549968 138.5259214 139.0935945 20.040596 -2.5999999
-0.5535675 -2.511565 132.3709942 132.1453831 131.9005126 20.341913 2.5999999
1.7055447 -2.207566 144.2260714 144.2295473 145.6916153 20.380131 -2.5999999
-1.3458711 -4.5648279 139.4461602 139.5260544 138.2969203 20.083221 2.5999999
0.9180454 -4.2155242 135.0303679 139.2079675 139.2088313 20.127317 -2.5999999
3.7429278 -1.8215441 122.8077784 126.0723926 126.1425905 20.428635 2.5999999
5.9593499 -1.5289921 131.0353569 130.9295908 132.7915348 20.465382 -2.5999999
2.9361355 -3.8892219 132.7787407 138.2142125 137.0482602 20.168472 2.5999999
5.1903187 -3.5393341 126.8341795 127.5625055 129.3762280 20.212568 -2.5999999
-4.8880953 0.89498502 129.3963745 132.2599574 132.4929677 20.76964 2.5999999
-2.6523465 1.234519 143.8126592 144.3128262 143.5247071 20.812265 -2.5999999
-5.6258550 -1.1427031 140.4620599 142.3623604 142.3331455 20.513885 2.5999999
-3.4094298 -0.81485999 139.4230307 140.0004851 139.9162135 20.555042 -2.5999999
-0.5533193 1.538855 133.8911576 134.0420400 135.2877045 20.850481 2.5999999
1.6517741 1.9483989 131.1652934 132.2202221 134.6234809 20.901926 -2.5999999
-1.3631897 -0.475252 138.7238109 140.2245350 140.9372430 20.597668 2.5999999
0.8977027 -0.123898 134.5189913 134.1891300 135.2201568 20.641764 -2.5999999
-7.8105022 -22.427597 137.2010409 137.2383406 134.4216003 10.850341 2.5999999
-4.2393164 -22.136778 117.4789310 118.9605607 119.7317853 10.887177 -2.5999999
4.6559176 -11.464067 129.4453036 131.2216333 130.9387330 12.154845 2.5999999
7.9466258 -10.945655 134.3401533 132.3055254 136.0647167 12.213274 -2.5999999
-0.8328316 -21.713453 133.2081369 136.7508854 134.9750807 10.940526 2.5999999
2.6620131 -21.246941 122.0021460 124.0009868 121.2154807 10.998956 -2.5999999
-2.1825232 -24.690578 145.0543219 143.0950945 142.8641138 10.558193 2.5999999
1.4206771 -24.273449 135.6967613 129.4467544 129.7449208 10.612812 -2.5999999
6.0978090 -20.603203 130.7206414 134.6530617 133.5967218 11.078979 2.5999999
9.5562812 -19.974674 126.6670558 122.0923096 127.0350084 11.156461 -2.5999999
4.9642603 -23.706444 128.4144713 125.8129256 125.0031928 10.686484 2.5999999
8.4310089 -23.124563 128.2418565 124.2326295 127.1385491 10.761427 -2.5999999
-7.5541719 -16.327759 141.6224014 142.7502741 141.6374047 11.594683 2.5999999
-4.0910333 -15.971161 131.3816603 133.3700065 135.3451702 11.6366 -2.5999999
-8.8993272 -19.414055 142.3683103 144.1760469 143.2592562 11.225053 2.5999999
-5.3776447 -19.079992 127.8511682 130.0037953 129.7206570 11.265699 -2.5999999
-0.7784342 -15.537214 133.4534286 137.3069681 133.2460597 11.687408 2.5999999
2.6255638 -15.057754 127.4158394 128.6653906 127.0383455 11.743297 -2.5999999
-1.9961714 -18.597412 125.1591957 125.5868870 122.9098722 11.324129 2.5999999
1.4003076 -18.154394 112.7253393 116.2369229 112.9996996 11.377477 -2.5999999
5.8833373 -14.466367 135.2882374 137.8156272 137.3436346 11.811888 2.5999999
9.2064354 -13.882853 127.3240500 126.4264182 128.2870482 11.879209 -2.5999999
4.7309218 -17.517601 127.0713682 131.1105430 130.6525227 11.45369 2.5999999
8.1494517 -16.96207 126.5661099 126.047346 129.3133050 11.519741 -2.5999999
-7.2912761 -10.312096 128.6243220 128.4986139 128.4826140 12.284406 2.5999999
-3.9601687 -9.8807154 130.4494106 129.8180190 132.1942254 12.332674 -2.5999999
-8.6088850 -13.14099 147.2755786 146.9920631 146.3232340 11.964313 2.5999999
-5.2425936 -12.88527 133.4325515 134.1223189 136.3617191 11.993528 -2.5999999
-0.7504876 -9.402607 139.8143115 142.0027792 142.0521649 12.386022 2.5999999
2.5553273 -8.9688892 133.2336009 131.3181082 135.5840267 12.43429 -2.5999999
-2.0010684 -12.428129 145.4611517 147.1419477 143.3681816 12.045607 2.5999999
1.3433184 -11.980582 136.7084477 135.8702894 137.3474959 12.096415 -2.5999999