-5.3328056 -7.2988362 111 118 118 19.736338 2.5999999
-3.2344019 -6.9644198 146 149 151 19.778963 -2.5999999
2.4376695 0.250889 131.76823 136 136 20.688799 2.5999999
4.7373252 0.55538797 138.12656 142 144 20.727015 -2.5999999
-1.0502493 -6.6410818 119 127 128 19.82012 2.5999999
1.2386309 -6.2594609 135 140 144 19.868624 -2.5999999
-1.8405367 -8.6656351 132 135 137 19.561426 2.5999999
0.4511103 -8.3104696 145 145 149 19.606993 -2.5999999
3.2611551 -5.9352221 116 122 121 19.909781 2.5999999
5.4685535 -5.587399 133.99889 140 142 19.953875 -2.5999999
2.4743285 -7.9891219 117 125 123 19.648148 2.5999999
4.7189918 -7.644258 145 146 151 19.692244 -2.5999999
-5.3511744 -3.2475569 118.71672 124 123 20.249313 2.5999999
-3.1158857 -2.850472 142.90839 148 149 20.29929 -2.5999999
-6.1270261 -5.204318 120 127 124 20.00238 2.5999999
-3.852011 -4.9137921 137 144 144 20.039125 -2.5999999
-1.1109436 -2.4998751 101.71324 111 109 20.343384 2.5999999
1.1519098 -2.184176 145.31258 153 157 20.38307 -2.5999999
-1.8682934 -4.5764661 130 135 134 20.081753 2.5999999
0.43604341 -4.2038751 147 149 152 20.128786 -2.5999999
3.1763444 -1.798143 115.82812 124 123 20.431576 2.5999999
5.4284201 -1.49388 146 152 154 20.469791 -2.5999999
2.4024715 -1.877563 129.29713 137 136 20.169943 2.5999999
4.6698937 -3.492661 157.97737 162 165 20.218447 -2.5999999
-5.3977456 0.88327599 124.12312 132 129 20.768169 2.5999999
-3.1504908 1.234519 128 135 138 20.812265 -2.5999999
-6.1759849 -1.177825 133 140 139 20.509478 2.5999999
-3.8819003 -0.86169797 130 135 134 20.549164 -2.5999999
-1.1136208 1.585669 131 137 137 20.856361 2.5999999
1.0969903 1.925001 131 139 142 20.898987 -2.5999999
-1.9088749 -0.486963 138.48773 145 143 20.596197 2.5999999
0.36758029 -0.123898 137.21994 143 145 20.641764 -2.5999999
-8.3386211 -22.597513 117 124 125 10.828748 2.5999999
-4.7629819 -22.397568 100 109 110 10.854152 -2.5999999
4.1516571 -11.576517 130 128 130 12.142142 2.5999999
7.3577185 -10.877901 102 108 109 12.220895 -2.5999999
-1.2630961 -21.935509 106 112 113 10.912581 2.5999999
2.1595552 -21.409546 91 100 101 10.978632 -2.5999999
-2.6141083 -25.066507 127 126 126 10.508655 2.5999999
0.95595688 -24.458101 95 99 102 10.588678 -2.5999999
5.5369682 -20.777454 106 114 114 11.057385 2.5999999
8.9712191 -20.243195 97 104 105 11.123436 -2.5999999
4.4757471 -23.863358 115 118 120 10.666161 2.5999999
7.8848143 -23.352007 92 95 100 10.732212 -2.5999999
-8.0466499 -16.629311 135 135 137 11.559117 2.5999999
-4.595552 -16.230633 108 112 115 11.606115 -2.5999999
-9.3918352 -19.788239 135 135 138 11.179325 2.5999999
-5.9566336 -19.21587 98 105 108 11.249186 -2.5999999
-1.3779737 -15.754419 116 120 123 11.662004 2.5999999
2.0754263 -15.166914 105 110 110 11.730595 -2.5999999
-2.5654242 -18.828558 138 133 134.53442 11.296184 2.5999999
0.87227631 -18.312876 105 110 111 11.358424 -2.5999999
5.2989287 -14.641928 123 125 126 11.791565 2.5999999
8.7970304 -14.048302 86 90 95 11.860156 -2.5999999
4.1742177 -17.687857 135 135 133.33524 11.433367 2.5999999
7.5869775 -17.16544 92 98 100 11.495607 -2.5999999
-7.8831077 -10.436752 121 126 128 12.270433 2.5999999
-4.5919614 -10.085198 103 106 108 12.30981 -2.5999999
-9.1805763 -13.484814 146 142 145 11.924937 2.5999999
-5.7835727 -13.107666 99 106 106 11.968124 -2.5999999
-1.2335371 -9.5621262 123 127 128 12.368239 2.5999999
1.9424959 -9.0374413 106 108 111 12.426669 -2.5999999
-2.5727935 -12.651329 134 135 134 12.020203 2.5999999
0.81118912 -12.115005 104 107 112 12.081173 -2.5999999
				