-5.3328056 -7.2988362 111.000 118.000 118.000 19.736338 2.5999999
-3.2344019 -6.9644198 146.000 149.000 151.000 19.778963 -2.5999999
2.4376695 0.250889 131.76823 136.000 136.000 20.688799 2.5999999
4.7373252 0.55538797 138.12656 142.000 144.000 20.727015 -2.5999999
-1.0502493 -6.6410818 119.000 127.000 128.000 19.82012 2.5999999
1.2386309 -6.2594609 135.000 140.000 144.000 19.868624 -2.5999999
-1.8405367 -8.6656351 132.000 135.000 137.000 19.561426 2.5999999
0.4511103 -8.3104696 145.000 145.000 149.000 19.606993 -2.5999999
3.2611551 -5.9352221 116.000 122.000 121.000 19.909781 2.5999999
5.4685535 -5.587399 133.99889 140.000 142.000 19.953875 -2.5999999
2.4743285 -7.9891219 117.000 125.000 123.000 19.648148 2.5999999
4.7189918 -7.644258 145.000 146.000 151.000 19.692244 -2.5999999
-5.3511744 -3.2475569 118.71672 124.000 123 20.249313 2.5999999
-3.1158857 -2.850472 142.90839 148.000 149.000 20.29929 -2.5999999
-6.1270261 -5.204318 120.000 127.000 124.000 20.00238 2.5999999
-3.852011 -4.9137921 137.000 144.000 144.000 20.039125 -2.5999999
-1.1109436 -2.4998751 101.71324 111.000 109.000 20.343384 2.5999999
1.1519098 -2.184176 145.31258 153.000 157.000 20.38307 -2.5999999
-1.8682934 -4.5764661 130.000 135.000 134.000 20.081753 2.5999999
0.43604341 -4.2038751 147.000 149.000 152.000 20.128786 -2.5999999
3.1763444 -1.798143 115.82812 124 123 20.431576 2.5999999
5.4284201 -1.49388 146.000 152.000 154.000 20.469791 -2.5999999
2.4024715 -1.877563 129.29713 137.000 136.000 20.169943 2.5999999
4.6698937 -3.492661 157.97737 162.000 165.000 20.218447 -2.5999999
-5.3977456 0.88327599 124.12312 132.000 129.000 20.768169 2.5999999
-3.1504908 1.234519 128.000 135.000 138.000 20.812265 -2.5999999
-6.1759849 -1.177825 133.000 140.000 139.000 20.509478 2.5999999
-3.8819003 -0.86169797 130.000 135.000 134.000 20.549164 -2.5999999
-1.1136208 1.585669 131.000 137.000 137.000 20.856361 2.5999999
1.0969903 1.925001 131.000 139.000 142.000 20.898987 -2.5999999
-1.9088749 -0.486963 138.48773 145.000 143.000 20.596197 2.5999999
0.36758029 -0.123898 137.21994 143.000 145.000 20.641764 -2.5999999
-8.3386211 -22.597513 117.000 124.000 125.000 10.828748 2.5999999
-4.7629819 -22.397568 100.000 109.000 110.000 10.854152 -2.5999999
4.1516571 -11.576517 130.000 128.000 130.000 12.142142 2.5999999
7.3577185 -10.877901 102.000 108.000 109.000 12.220895 -2.5999999
-1.2630961 -21.935509 106.000 112.000 113.000 10.912581 2.5999999
2.1595552 -21.409546 91.000 100.000 101.000 10.978632 -2.5999999
-2.6141083 -25.066507 127.000 126.000 126.000 10.508655 2.5999999
0.95595688 -24.458101 95.000 99.000 102.000 10.588678 -2.5999999
5.5369682 -20.777454 106.000 114.000 114.000 11.057385 2.5999999
8.9712191 -20.243195 97.000 104.000 105.000 11.123436 -2.5999999
4.4757471 -23.863358 115.000 118.000 120.000 10.666161 2.5999999
7.8848143 -23.352007 92.000 95.000 100.000 10.732212 -2.5999999
-8.0466499 -16.629311 135.000 135.000 137.000 11.559117 2.5999999
-4.595552 -16.230633 108.000 112.000 115.000 11.606115 -2.5999999
-9.3918352 -19.788239 135.000 135.000 138.000 11.179325 2.5999999
-5.9566336 -19.21587 98.000 105.000 108.000 11.249186 -2.5999999
-1.3779737 -15.754419 116.000 120.000 123.000 11.662004 2.5999999
2.0754263 -15.166914 105.000 110.000 110.000 11.730595 -2.5999999
-2.5654242 -18.828558 138.000 133.000 134.53442 11.296184 2.5999999
0.87227631 -18.312876 105.000 110.000 111.000 11.358424 -2.5999999
5.2989287 -14.641928 123.000 125.000 126.000 11.791565 2.5999999
8.7970304 -14.048302 86.000 90.000 95.000 11.860156 -2.5999999
4.1742177 -17.687857 135.000 135.000 133.33524 11.433367 2.5999999
7.5869775 -17.16544 92.000 98.000 100.000 11.495607 -2.5999999
-7.8831077 -10.436752 121.000 126.000 128.000 12.270433 2.5999999
-4.5919614 -10.085198 103.000 106.000 108.000 12.30981 -2.5999999
-9.1805763 -13.484814 146.000 142.000 145.000 11.924937 2.5999999
-5.7835727 -13.107666 99.000 106.000 106.000 11.968124 -2.5999999
-1.2335371 -9.5621262 123.000 127.000 128.000 12.368239 2.5999999
1.9424959 -9.0374413 106.000 108.000 111.000 12.426669 -2.5999999
-2.5727935 -12.651329 134.000 135.000 134.000 12.020203 2.5999999
0.81118912 -12.115005 104.000 107.000 112.000 12.081173 -2.5999999
				