-4.8591709 -7.033649 119.51113 126.53807 124.27573 19.770144 2.5999999
-2.7711411 -6.7219572 129.88794 136.17529 134.6534 19.80983 -2.5999999
2.987515 0.43827599 119.34013 127.12743 121.21589 20.712317 2.5999999
5.1002779 0.76617903 127.18846 135.20274 136.89394 20.753471 -2.5999999
-0.57592481 -6.363596 115.36481 122.3345 118.03634 19.855396 2.5999999
1.7164147 -6.0510659 130.8627 136.46867 135.94493 19.895081 -2.5999999
-1.4084815 -8.3792629 132.57355 138.06621 138.65146 19.598171 2.5999999
0.9410255 -8.0695066 112.72483 121.71232 119.68717 19.637857 -2.5999999
3.7082021 -5.6801939 113.72333 118.3418 117.49055 19.942116 2.5999999
5.9276681 -5.3204541 134.06923 141.58572 143.71426 19.987682 -2.5999999
2.9523702 -7.7592759 109.02724 118.59659 113.81238 19.677544 2.5999999
5.1909528 -7.3910022 140.01772 146.20407 148.62596 19.724579 -2.5999999
-4.9676247 -2.9322491 134.88301 141.09674 138.09444 20.289 2.5999999
-2.6519673 -2.6167631 132.33635 141.17476 137.47131 20.328686 -2.5999999
-5.6625948 -4.983542 130.64265 138.63768 135.2188 20.030308 2.5999999
-3.4384754 -4.6462841 134.70793 140.90802 139.05455 20.072933 -2.5999999
-0.65061188 -2.2777309 120.80563 127.53169 124.86157 20.371311 2.5999999
1.6295434 -1.950238 134.63765 143.34846 143.50038 20.412466 -2.5999999
-1.4522963 -4.2970572 133.1994 140.68092 136.81883 20.117027 2.5999999
0.84441978 -3.9824779 142.82632 148.64624 149.10945 20.156713 -2.5999999
3.6231241 -1.622618 121.91666 126.4248 124.51784 20.453623 2.5999999
5.922894 -1.2480659 126.25412 132.15558 132.50362 20.500658 -2.5999999
2.8976951 -3.6209991 113.87414 119.81838 115.03075 20.202278 2.5999999
5.1364589 -3.2592311 139.17107 145.93719 148.20265 20.247845 -2.5999999
-4.9838462 1.129154 138.95869 146.83054 142.27362 20.799038 2.5999999
-2.6729538 1.492039 129.25055 139.14598 134.66597 20.844603 -2.5999999
-5.7122469 -0.908535 142.6106 150.26884 149.11919 20.543283 2.5999999
-3.3925369 -0.54551899 108.20146 116.10481 113.22678 20.588848 -2.5999999
-0.6325106 1.772902 125.67217 133.03317 128.51302 20.879877 2.5999999
1.6216758 2.1238589 111.76057 119.14651 116.08067 20.923973 -2.5999999
-1.4146824 -0.229306 127.86295 135.67497 130.82538 20.628534 2.5999999
0.74038368 0.110344 131.48448 136.65114 132.6227 20.67116 -2.5999999
-7.9695873 -22.547583 115.52241 121.56528 118.65718 10.835099 2.5999999
-4.4568453 -22.267294 120.45011 127.6689 130.55537 10.870665 -2.5999999
4.5124521 -11.351527 118.93159 123.32246 124.78094 12.167547 2.5999999
7.6007266 -10.764908 129.63753 134.22456 130.84346 12.233597 -2.5999999
-1.0356905 -21.83466 117.07765 124.31544 121.81976 10.925284 2.5999999
2.4924085 -21.277456 108.35306 115.37462 112.86864 10.995145 -2.5999999
-2.1579175 -24.874008 129.00148 131.16489 130.59294 10.53406 2.5999999
1.211867 -24.312366 134.60938 137.87604 141.37112 10.607732 -2.5999999
5.8355827 -20.716 122.54025 125.81776 127.87131 11.065006 2.5999999
9.2703123 -20.098722 112.40334 116.08617 118.3476 11.141219 -2.5999999
4.6747861 -23.775139 115.94812 121.07426 121.00343 10.677593 2.5999999
8.1646051 -23.174072 120.00974 123.53719 126.76677 10.755076 -2.5999999
-7.722846 -16.510956 113.07235 119.3167 117.43961 11.573089 2.5999999
-4.3359551 -16.100981 119.17977 126.83424 131.25702 11.621357 -2.5999999
-9.0004063 -19.559776 115.69043 120.44556 122.92736 11.20727 2.5999999
-5.6193962 -19.205425 112.1524 119.43003 124.41393 11.250457 -2.5999999
-1.0521327 -15.613288 121.35306 131.60745 128.39705 11.678517 2.5999999
2.3902285 -15.123264 118.07807 126.65704 128.26991 11.735676 -2.5999999
-2.2933478 -18.713064 132.98956 140.88376 140.36766 11.310156 2.5999999
1.1883352 -18.154394 102.80119 112.28351 112.48689 11.377477 -2.5999999
5.6642008 -14.532235 114.31923 121.62377 124.57534 11.804267 2.5999999
8.9993639 -13.871815 115.92503 120.12888 121.32368 11.88048 -2.5999999
4.5244637 -17.624048 124.02696 127.90845 127.55141 11.440988 2.5999999
7.8408518 -17.02634 122.98942 127.4831 129.69154 11.512119 -2.5999999
-7.5776267 -10.402765 110.84589 117.46236 116.06817 12.274244 2.5999999
-4.3261504 -9.948904 113.38134 118.29929 119.93336 12.325052 -2.5999999
-8.9258833 -13.407262 140.80656 144.8376 145.9912 11.933828 2.5999999
-5.5013676 -12.974276 122.43658 127.46805 128.21649 11.983367 -2.5999999
-1.0043055 -9.4937792 126.51391 135.65594 135.01849 12.375861 2.5999999
2.1842296 -8.8774471 125.3522 131.15608 133.32201 12.444452 -2.5999999
-2.3362567 -12.416959 146.05765 146.31512 148.17152 12.046877 2.5999999
1.0528131 -11.913321 122.9948 129.23685 129.47955 12.104036 -2.5999999